9.999002388037273592e-01
9.991763474253784194e-01
9.990113770696418261e-01
9.997119740474167404e-01
9.999533651932059897e-01
9.992245751853964242e-01
9.987016380645763469e-01
9.992242685917309686e-01
9.999483220446300225e-01
9.997092056680800809e-01
9.987699238541299929e-01
9.983945270600146360e-01
9.990726973767861674e-01
9.999025244447100613e-01
9.997880528134852618e-01
9.987791731522163152e-01
9.979649070156748625e-01
9.982107278063827582e-01
9.992410376956120110e-01
9.999745915554758557e-01
9.996265452899433246e-01
9.984341884750719265e-01
9.973922251854036025e-01
9.973541079903309736e-01
9.983320913655900908e-01
9.995311216915394592e-01
9.999950677139772814e-01
9.993101345199513208e-01
9.978630389907071629e-01
9.965393753319430337e-01
9.961317646364187262e-01
9.968622535968643117e-01
9.982855323523641689e-01
9.995755798203754816e-01
9.999879144981790313e-01
9.992338921856166456e-01
9.975939330445884323e-01
9.957525558779142250e-01
9.944691038353844492e-01
9.942501407945508740e-01
9.951591498399415814e-01
9.968194466303864631e-01
9.985815285790204943e-01
9.997704770351864001e-01
9.999159825238462806e-01
9.988911589896481980e-01
9.969293589611551987e-01
9.945317133847082491e-01
9.923082696082716758e-01
9.908066125650413225e-01
9.903753255625080687e-01
9.910917984558538230e-01
9.927623425917362354e-01
9.949837920449100537e-01
9.972436977232866928e-01
9.990320270685641990e-01
9.999399348899753459e-01
9.997283605132537554e-01
9.983582730987408116e-01
9.959830212095361901e-01
9.929098735768179251e-01
9.895417313466713383e-01
9.863111398773900529e-01
9.836176268427518909e-01
9.817767964703570938e-01
9.809863132685388010e-01
9.813105997882317633e-01
9.826832480997892416e-01
9.849240868886993683e-01
9.877666460533134352e-01
9.908913615295843469e-01
9.939601135942113252e-01
9.966483967746377903e-01
9.986723794845495661e-01
9.998091511674707110e-01
9.999094378487178858e-01
9.989029017452036863e-01
9.967967772839000373e-01
9.936690201638739284e-01
9.896573699560718973e-01
9.849457793194946742e-01
9.797495822945351263e-01
9.743006007033603311e-01
9.688331593937180575e-01
9.635717304288068386e-01
9.587206789598931023e-01
9.544563577868507842e-01
9.509216051190745311e-01
9.482225466052310869e-01
9.464274895189894732e-01
9.455676219236932578e-01
9.456391883326530357e-01
9.466068002395243708e-01
9.484075488663223918e-01
9.509556126381026875e-01
9.541470878290644331e-01
9.578648128658938665e-01
9.619830011033376760e-01
9.663715405510184819e-01
9.708998598874742925e-01
9.754402967238436917e-01
9.798709356569283990e-01
9.840779098461525098e-01
9.879571806978311166e-01
9.914158260453035387e-01
9.943728784525746045e-01
9.967597625213058254e-01
9.985203839684761995e-01
9.996109243861061033e-01
9.999993945843782539e-01
9.996649967921278357e-01
9.985973422166035673e-01
9.967955659509099009e-01
9.942673762965454909e-01
9.910280705078595709e-01
9.870995439726247822e-01
9.825093150724436564e-01
9.772895835266504072e-01
9.714763359836252610e-01
9.651085090226682039e-01
9.582272165817554699e-01
9.508750461267237997e-01
9.430954256069182806e-01
9.349320613727234441e-01
9.264284457270922646e-01
9.176274316082519977e-01
9.085708710150428580e-01
8.992993131510560456e-01
8.898517578417749485e-01
8.802654595354824085e-01
8.705757771020675717e-01
8.608160646653277848e-01
8.510175988187236307e-01
8.412095377596892076e-01
8.314189081146341476e-01
8.216706154997083233e-01
8.119874751578453065e-01
8.023902593197282940e-01
7.928977582462195528e-01
7.835268522156525473e-01
7.742925920158052477e-01
7.652082857834369145e-01
7.562855903012133396e-01
7.475346051107594203e-01
7.389639680304878055e-01
7.305809508772426186e-01
7.223915543818026919e-01
7.144006014602874988e-01
7.066118281572786319e-01
6.990279717129076476e-01
6.916508553263444048e-01
6.844814692932172928e-01
6.775200482856775785e-01
6.707661446223160961e-01
6.642186974421013801e-01
6.578760977531203924e-01
6.517362493742324681e-01
6.457966258268150739e-01
6.400543232655915293e-01
6.345061095629311865e-01
6.291484696808424815e-01
6.239776474798689465e-01
6.189896841249487025e-01
6.141804532555691365e-01
6.095456930918327076e-01
6.050810356497908771e-01
6.007820332390416684e-01
5.966441824135126915e-01
5.926629455428543691e-01
5.888337701672800018e-01
5.851521062932161232e-01
5.816134217810133844e-01
5.782132159693723628e-01
5.749470316742260056e-01
5.718104656927260887e-01
5.687991779357877142e-01
5.659088993054931516e-01
5.631354384265436774e-01
5.604746873340171742e-01
5.579226262129219904e-01
5.554753272784980211e-01
5.531289578799396534e-01
5.508797829041868210e-01
5.487241665507243127e-01
5.466585735428620696e-01
5.446795698358506410e-01
5.427838228773254059e-01
5.409681014710125968e-01
5.392292752903731223e-01
5.375643140848425094e-01
5.359702866176172531e-01
5.344443593704519824e-01
5.329837950477260833e-01
5.315859509090238300e-01
5.302482769567358201e-01
5.289683140026051333e-01
5.277436916348070550e-01
5.265721261049701729e-01
5.254514181525460348e-01
5.243794507821258888e-01
5.233541870075978375e-01
5.223736675755196179e-01
5.214360086786827830e-01
5.205393996695459879e-01
5.196821007820717764e-01
5.188624408694300083e-01
5.180788151640679517e-01
5.173296830657831968e-01
5.166135659626400756e-01
5.159290450888590618e-01
5.152747594231685824e-01
5.146494036305268027e-01
5.140517260496012542e-01
5.134805267279358709e-01
5.129346555063047930e-01
5.124130101533980186e-01
5.119145345516372680e-01
5.114382169346390894e-01
5.109830881765777821e-01
5.105482201334723413e-01
5.101327240362251159e-01
5.097357489350600179e-01
5.093564801948575749e-01
5.089941380407576599e-01
5.086479761532793908e-01
5.083172803121187577e-01
5.080013670877007170e-01
5.076995825794967665e-01
5.074113012000619483e-01
5.071359245037031505e-01
5.068728800586556060e-01
5.066216203616167313e-01
5.063816217934722363e-01
5.061523836150337852e-01
5.059334270016017099e-01
5.057242941151746107e-01
5.055245472131173479e-01
5.053337677921229121e-01
5.051515557663004419e-01
5.049775286782514083e-01
5.048113209419999858e-01
5.046525831166740472e-01
5.045009812098448787e-01
5.043561960094649077e-01
5.042179224433618323e-01
5.040858689652746305e-01
5.039597569664401311e-01
5.038393202117724679e-01
5.037243042996897291e-01
5.036144661446934068e-01
