-4.220664569061521906e+05
-4.250978594944799552e+05
-4.239203367447187193e+05
-4.235387059052253608e+05
-4.212433534846476978e+05
-4.232429208126163576e+05
-4.228290500056858873e+05
-4.206202428113071946e+05
-4.210200170337687014e+05
-4.209173781775748357e+05
-4.221121888211712940e+05
-4.240904025155884447e+05
-4.210279856776234228e+05
-4.246347918045668630e+05
-4.231617412278453121e+05
-4.211209669878070708e+05
-4.219541156600577524e+05
-4.221342695290853735e+05
-4.210998579489014810e+05
-4.232721293487725779e+05
-4.202768750178328482e+05
-4.200989866111946758e+05
-4.239034605977225583e+05
-4.182049530162147712e+05
-4.193278529804274440e+05
-4.205952497926434735e+05
-4.222911637833737768e+05
-4.217002638856628910e+05
-4.237436149064803030e+05
-4.227689798622601666e+05
-4.242956571264504455e+05
-4.186848658231677255e+05
-4.213349288121013669e+05
-4.213068599678957835e+05
-4.216747768243000610e+05
-4.214625462594795972e+05
-4.225126006398277823e+05
-4.222326556102860486e+05
-4.199926121537111467e+05
-4.209268238834590884e+05
-4.218951325996655505e+05
-4.237319717336822068e+05
-4.222414374937997200e+05
-4.232534164103985531e+05
-4.217993861536880722e+05
-4.230073893092982471e+05
-4.200400127884130925e+05
-4.207498967224479420e+05
-4.207890129393056268e+05
-4.235517480818356853e+05
-4.207801013379377546e+05
-4.213008558858452598e+05
-4.201047633840951603e+05
-4.210193990279776044e+05
-4.202086677714621183e+05
-4.239614874582613120e+05
-4.216686875557907624e+05
-4.214311820707215229e+05
-4.217781163634381955e+05
-4.221811955103052314e+05
-4.213946911383200204e+05
-4.234586774843141902e+05
-4.241871938530309126e+05
-4.211876640837421874e+05
-4.226148236606633291e+05
-4.216852609357384499e+05
-4.238474742589312373e+05
-4.212014975616849260e+05
-4.223115714983055368e+05
-4.203578553414178314e+05
-4.224537958023407264e+05
-4.206701160112773068e+05
-4.238194828294758918e+05
-4.219836872762002749e+05
-4.209321107207465684e+05
-4.185227821159190498e+05
-4.209440746952906484e+05
-4.220445050025290111e+05
-4.242157987119302852e+05
-4.212444782116930000e+05
-4.222462152076364728e+05
-4.209822110891528428e+05
-4.202880867794391233e+05
-4.222765616193229798e+05
-4.209977250392842107e+05
-4.219029826288935728e+05
-4.217112198216511169e+05
-4.230835701150291134e+05
-4.207807559858181048e+05
-4.236027400695730466e+05
-4.200689722203129204e+05
-4.228880700624064775e+05
-4.236250846137065673e+05
-4.232096443189121783e+05
-4.231009767356020166e+05
-4.223213257349871565e+05
-4.213075719523862936e+05
-4.209311531287712278e+05
-4.231247088570996420e+05
-4.237275905702502932e+05
