1
0
607
606
605
608
617
436
619
618
443
620
421
601
632
635
574
636
631
633
603
611
614
639
604
600
616
640
570
621
609
628
602
624
623
625
408
610
638
652
593
651
594
649
622
569
506
653
571
612
654
648
573
615
613
637
595
579
577
630
575
580
641
627
576
586
572
578
647
634
650
587
582
629
626
644
584
590
589
592
588
645
596
646
599
598
642
477
585
591
583
597
643
581
662
665
680
684
675
683
691
729
788
663
789
790
796
690
794
793
666
739
696
669
801
795
802
676
673
792
672
804
668
678
674
677
807
660
809
685
667
670
679
810
724
751
780
721
689
781
725
671
656
681
720
784
787
682
734
731
785
786
733
758
730
692
732
723
736
699
791
722
799
762
687
728
701
737
686
741
706
740
704
742
745
770
744
755
750
746
694
743
772
727
747
693
695
798
713
800
803
782
749
735
748
797
738
783
726
658
805
756
661
767
808
664
759
757
752
769
811
764
812
657
766
711
688
806
703
702
708
700
779
775
697
773
714
765
754
707
710
715
719
768
717
771
760
709
761
716
778
777
763
705
776
718
712
753
655
659
698
774
842
859
862
864
840
844
851
817
848
849
850
819
818
854
821
847
853
852
855
841
856
846
860
824
858
865
866
832
868
845
861
869
857
833
871
843
874
870
863
872
875
867
877
813
876
879
814
826
884
881
883
880
882
891
816
888
829
886
828
889
820
885
837
838
887
825
878
831
890
839
827
823
873
815
830
822
834
836
892
893
897
899
896
898
894
895
835
