8 0
8 1
8 2
8 3
8 4
8 5
8 6
8 7
8 8
8 9
8 10
8 11
8 12
8 13
8 14
8 15
8 16
8 17
8 18
8 19
8 20
8 21
8 22
8 23
8 24
8 25
8 26
8 27
8 28
8 29
8 30
8 31
8 32
8 33
8 34
8 35
8 36
8 37
8 38
8 39
8 40
8 41
8 42
8 43
8 44
8 45
8 46
8 47
8 48
8 49
8 50
8 51
8 52
8 53
8 54
8 55
8 56
8 57
8 58
8 59
8 60
8 61
8 62
8 63
8 64
8 65
8 66
8 67
8 68
8 69
8 70
8 71
8 72
8 73
8 74
8 75
8 76
8 77
8 78
8 79
8 80
8 81
8 82
8 83
8 84
8 85
8 86
8 87
8 88
8 89
8 90
8 91
8 92
8 93
8 94
8 95
8 96
8 97
8 98
8 99
8 100
8 101
8 102
8 103
8 104
8 105
8 106
8 107
8 108
8 109
8 110
8 111
8 112
8 113
8 114
8 115
8 116
8 117
8 118
8 119
8 120
8 121
8 122
8 123
8 124
8 125
8 126
8 127
8 128
8 129
8 130
8 131
8 132
8 133
8 134
8 135
8 136
8 137
8 138
8 139
8 140
8 141
8 142
8 143
8 144
8 145
8 146
8 147
8 148
8 149
8 150
8 151
8 152
8 153
8 154
8 155
8 156
8 157
8 158
8 159
8 160
8 161
8 162
8 163
8 164
8 165
8 166
8 167
8 168
8 169
8 170
8 171
8 172
8 173
8 174
8 175
8 176
8 177
8 178
8 179
8 180
8 181
8 182
8 183
8 184
8 185
8 186
8 187
8 188
8 189
8 190
8 191
8 192
8 193
8 194
8 195
8 196
8 197
8 198
8 199
8 200
8 201
8 202
8 203
8 204
8 205
8 206
8 207
8 208
8 209
8 210
8 211
8 212
8 213
8 214
8 215
8 216
8 217
8 218
8 219
8 220
8 221
8 222
8 223
8 224
8 225
8 226
8 227
8 228
8 229
8 230
8 231
8 232
8 233
8 234
8 235
8 236
8 237
8 238
8 239
8 240
8 241
8 242
8 243
8 244
8 245
8 246
8 247
8 248
8 249
8 250
8 251
8 252
8 253
8 254
8 255
8 256
8 257
8 258
8 259
8 260
8 261
8 262
8 263
8 264
8 265
8 266
8 267
8 268
8 269
8 270
8 271
8 272
8 273
8 274
8 275
8 276
8 277
8 278
8 279
8 280
8 281
8 282
8 283
8 284
8 285
8 286
8 287
8 288
8 289
8 290
8 291
8 292
8 293
8 294
8 295
8 296
8 297
8 298
8 299
8 300
8 301
8 302
8 303
8 304
8 305
8 306
8 307
8 308
8 309
8 310
8 311
8 312
8 313
8 314
8 315
8 316
8 317
8 318
8 319
8 320
8 321
8 322
8 323
8 324
8 325
8 326
8 327
8 328
8 329
8 330
8 331
8 332
8 333
8 334
8 335
8 336
8 337
8 338
8 339
8 340
8 341
8 342
8 343
8 344
8 345
8 346
8 347
8 348
8 349
8 350
8 351
8 352
8 353
8 354
8 355
8 356
8 357
8 358
8 359
8 360
8 361
8 362
8 363
8 364
8 365
8 366
8 367
8 368
8 369
8 370
8 371
8 372
8 373
8 374
8 375
8 376
8 377
8 378
8 379
8 380
8 381
8 382
8 383
8 384
8 385
8 386
8 387
8 388
8 389
8 390
8 391
8 392
8 393
8 394
8 395
8 396
8 397
8 398
8 399
8 400
8 401
8 402
8 403
8 404
8 405
8 406
8 407
8 408
8 409
8 410
8 411
8 412
8 413
8 414
8 415
8 416
8 417
8 418
8 419
8 420
8 421
8 422
8 423
8 424
8 425
8 426
8 427
8 428
8 429
8 430
8 431
8 432
8 433
8 434
8 435
8 436
8 437
8 438
8 439
8 440
8 441
8 442
8 443
8 444
8 445
8 446
8 447
8 448
8 449
8 450
8 451
8 452
8 453
8 454
8 455
8 456
8 457
8 458
8 459
8 460
8 461
8 462
8 463
8 464
8 465
8 466
8 467
8 468
8 469
8 470
8 471
8 472
8 473
8 474
8 475
8 476
8 477
8 478
8 479
8 480
8 481
8 482
8 483
8 484
8 485
8 486
8 487
8 488
8 489
8 490
8 491
8 492
8 493
8 494
8 495
8 496
8 497
8 498
8 499
8 500
8 501
8 502
8 503
8 504
8 505
8 506
8 507
8 508
8 509
8 510
8 511
8 512
8 513
8 514
8 515
8 516
8 517
8 518
8 519
8 520
8 521
8 522
8 523
8 524
8 525
8 526
8 527
8 528
8 529
8 530
8 531
8 532
8 533
8 534
8 535
8 536
8 537
8 538
8 539
8 540
8 541
8 542
8 543
8 544
8 545
8 546
8 547
8 548
8 549
8 550
8 551
8 552
8 553
8 554
8 555
8 556
8 557
8 558
8 559
8 560
8 561
8 562
8 563
8 564
8 565
8 566
8 567
8 568
8 569
8 570
8 571
8 572
8 573
8 574
8 575
8 576
8 577
8 578
8 579
8 580
8 581
8 582
8 583
8 584
8 585
8 586
8 587
8 588
8 589
8 590
8 591
8 592
8 593
8 594
8 595
8 596
8 597
8 598
8 599
8 600
8 601
8 602
8 603
8 604
8 605
8 606
8 607
8 608
8 609
8 610
8 611
8 612
8 613
8 614
8 615
8 616
8 617
8 618
8 619
8 620
8 621
8 622
8 623
8 624
8 625
8 626
8 627
8 628
8 629
8 630
8 631
8 632
8 633
8 634
8 635
8 636
8 637
8 638
8 639
8 640
8 641
8 642
8 643
8 644
8 645
8 646
8 647
8 648
8 649
8 650
8 651
8 652
8 653
8 654
8 655
8 656
8 657
8 658
8 659
8 660
8 661
8 662
8 663
8 664
8 665
8 666
8 667
8 668
8 669
8 670
8 671
8 672
8 673
8 674
8 675
8 676
8 677
8 678
8 679
8 680
8 681
8 682
8 683
8 684
8 685
8 686
8 687
8 688
8 689
8 690
8 691
8 692
8 693
8 694
8 695
8 696
8 697
8 698
8 699
8 700
8 701
8 702
8 703
8 704
8 705
8 706
8 707
8 708
8 709
8 710
8 711
8 712
8 713
8 714
8 715
8 716
8 717
8 718
8 719
8 720
8 721
8 722
8 723
8 724
8 725
8 726
8 727
8 728
8 729
8 730
8 731
8 732
8 733
8 734
8 735
8 736
8 737
8 738
8 739
8 740
8 741
8 742
8 743
8 744
8 745
8 746
8 747
8 748
8 749
8 750
8 751
8 752
8 753
8 754
8 755
8 756
8 757
8 758
8 759
8 760
8 761
8 762
8 763
8 764
8 765
8 766
8 767
8 768
8 769
8 770
8 771
8 772
8 773
8 774
8 775
8 776
8 777
8 778
8 779
8 780
8 781
8 782
8 783
8 784
8 785
8 786
8 787
8 788
8 789
8 790
8 791
8 792
8 793
8 794
8 795
8 796
8 797
8 798
8 799
8 800
8 801
8 802
8 803
8 804
8 805
8 806
8 807
8 808
8 809
8 810
8 811
8 812
8 813
8 814
8 815
8 816
8 817
8 818
8 819
8 820
8 821
8 822
8 823
8 824
8 825
8 826
8 827
8 828
8 829
8 830
8 831
8 832
8 833
8 834
8 835
8 836
8 837
8 838
8 839
8 840
8 841
8 842
8 843
8 844
8 845
8 846
8 847
8 848
8 849
8 850
8 851
8 852
8 853
8 854
8 855
8 856
8 857
8 858
8 859
8 860
8 861
8 862
8 863
8 864
8 865
8 866
8 867
8 868
8 869
8 870
8 871
8 872
8 873
8 874
8 875
8 876
8 877
8 878
8 879
8 880
8 881
8 882
8 883
8 884
8 885
8 886
8 887
8 888
8 889
8 890
8 891
8 892
8 893
8 894
8 895
8 896
8 897
8 898
8 899
9 0
9 1
9 2
9 3
9 4
9 5
9 6
9 7
9 8
9 9
9 10
9 11
9 12
9 13
9 14
9 15
9 16
9 17
9 18
9 19
9 20
9 21
9 22
9 23
9 24
9 25
9 26
9 27
9 28
9 29
9 30
9 31
9 32
9 33
9 34
9 35
9 36
9 37
9 38
9 39
9 40
9 41
9 42
9 43
9 44
9 45
9 46
9 47
9 48
9 49
9 50
9 51
9 52
9 53
9 54
9 55
9 56
9 57
9 58
9 59
9 60
9 61
9 62
9 63
9 64
9 65
9 66
9 67
9 68
9 69
9 70
9 71
9 72
9 73
9 74
9 75
9 76
9 77
9 78
9 79
9 80
9 81
9 82
9 83
9 84
9 85
9 86
9 87
9 88
9 89
9 90
9 91
9 92
9 93
9 94
9 95
9 96
9 97
9 98
9 99
9 100
9 101
9 102
9 103
9 104
9 105
9 106
9 107
9 108
9 109
9 110
9 111
9 112
9 113
9 114
9 115
9 116
9 117
9 118
9 119
9 120
9 121
9 122
9 123
9 124
9 125
9 126
9 127
9 128
9 129
9 130
9 131
9 132
9 133
9 134
9 135
9 136
9 137
9 138
9 139
9 140
9 141
9 142
9 143
9 144
9 145
9 146
9 147
9 148
9 149
9 150
9 151
9 152
9 153
9 154
9 155
9 156
9 157
9 158
9 159
9 160
9 161
9 162
9 163
9 164
9 165
9 166
9 167
9 168
9 169
9 170
9 171
9 172
9 173
9 174
9 175
9 176
9 177
9 178
9 179
9 180
9 181
9 182
9 183
9 184
9 185
9 186
9 187
9 188
9 189
9 190
9 191
9 192
9 193
9 194
9 195
9 196
9 197
9 198
9 199
9 200
9 201
9 202
9 203
9 204
9 205
9 206
9 207
9 208
9 209
9 210
9 211
9 212
9 213
9 214
9 215
9 216
9 217
9 218
9 219
9 220
9 221
9 222
9 223
9 224
9 225
9 226
9 227
9 228
9 229
9 230
9 231
9 232
9 233
9 234
9 235
9 236
9 237
9 238
9 239
9 240
9 241
9 242
9 243
9 244
9 245
9 246
9 247
9 248
9 249
9 250
9 251
9 252
9 253
9 254
9 255
9 256
9 257
9 258
9 259
9 260
9 261
9 262
9 263
9 264
9 265
9 266
9 267
9 268
9 269
9 270
9 271
9 272
9 273
9 274
9 275
9 276
9 277
9 278
9 279
9 280
9 281
9 282
9 283
9 284
9 285
9 286
9 287
9 288
9 289
9 290
9 291
9 292
9 293
9 294
9 295
9 296
9 297
9 298
9 299
9 300
9 301
9 302
9 303
9 304
9 305
9 306
9 307
9 308
9 309
9 310
9 311
9 312
9 313
9 314
9 315
9 316
9 317
9 318
9 319
9 320
9 321
9 322
9 323
9 324
9 325
9 326
9 327
9 328
9 329
9 330
9 331
9 332
9 333
9 334
9 335
9 336
9 337
9 338
9 339
9 340
9 341
9 342
9 343
9 344
9 345
9 346
9 347
9 348
9 349
9 350
9 351
9 352
9 353
9 354
9 355
9 356
9 357
9 358
9 359
9 360
9 361
9 362
9 363
9 364
9 365
9 366
9 367
9 368
9 369
9 370
9 371
9 372
9 373
9 374
9 375
9 376
9 377
9 378
9 379
9 380
9 381
9 382
9 383
9 384
9 385
9 386
9 387
9 388
9 389
9 390
9 391
9 392
9 393
9 394
9 395
9 396
9 397
9 398
9 399
9 400
9 401
9 402
9 403
9 404
9 405
9 406
9 407
9 408
9 409
9 410
9 411
9 412
9 413
9 414
9 415
9 416
9 417
9 418
9 419
9 420
9 421
9 422
9 423
9 424
9 425
9 426
9 427
9 428
9 429
9 430
9 431
9 432
9 433
9 434
9 435
9 436
9 437
9 438
9 439
9 440
9 441
9 442
9 443
9 444
9 445
9 446
9 447
9 448
9 449
9 450
9 451
9 452
9 453
9 454
9 455
9 456
9 457
9 458
9 459
9 460
9 461
9 462
9 463
9 464
9 465
9 466
9 467
9 468
9 469
9 470
9 471
9 472
9 473
9 474
9 475
9 476
9 477
9 478
9 479
9 480
9 481
9 482
9 483
9 484
9 485
9 486
9 487
9 488
9 489
9 490
9 491
9 492
9 493
9 494
9 495
9 496
9 497
9 498
9 499
9 500
9 501
9 502
9 503
9 504
9 505
9 506
9 507
9 508
9 509
9 510
9 511
9 512
9 513
9 514
9 515
9 516
9 517
9 518
9 519
9 520
9 521
9 522
9 523
9 524
9 525
9 526
9 527
9 528
9 529
9 530
9 531
9 532
9 533
9 534
9 535
9 536
9 537
9 538
9 539
9 540
9 541
9 542
9 543
9 544
9 545
9 546
9 547
9 548
9 549
9 550
9 551
9 552
9 553
9 554
9 555
9 556
9 557
9 558
9 559
9 560
9 561
9 562
9 563
9 564
9 565
9 566
9 567
9 568
9 569
9 570
9 571
9 572
9 573
9 574
9 575
9 576
9 577
9 578
9 579
9 580
9 581
9 582
9 583
9 584
9 585
9 586
9 587
9 588
9 589
9 590
9 591
9 592
9 593
9 594
9 595
9 596
9 597
9 598
9 599
9 600
9 601
9 602
9 603
9 604
9 605
9 606
9 607
9 608
9 609
9 610
9 611
9 612
9 613
9 614
9 615
9 616
9 617
9 618
9 619
9 620
9 621
9 622
9 623
9 624
9 625
9 626
9 627
9 628
9 629
9 630
9 631
9 632
9 633
9 634
9 635
9 636
9 637
9 638
9 639
9 640
9 641
9 642
9 643
9 644
9 645
9 646
9 647
9 648
9 649
9 650
9 651
9 652
9 653
9 654
9 655
9 656
9 657
9 658
9 659
9 660
9 661
9 662
9 663
9 664
9 665
9 666
9 667
9 668
9 669
9 670
9 671
9 672
9 673
9 674
9 675
9 676
9 677
9 678
9 679
9 680
9 681
9 682
9 683
9 684
9 685
9 686
9 687
9 688
9 689
9 690
9 691
9 692
9 693
9 694
9 695
9 696
9 697
9 698
9 699
9 700
9 701
9 702
9 703
9 704
9 705
9 706
9 707
9 708
9 709
9 710
9 711
9 712
9 713
9 714
9 715
9 716
9 717
9 718
9 719
9 720
9 721
9 722
9 723
9 724
9 725
9 726
9 727
9 728
9 729
9 730
9 731
9 732
9 733
9 734
9 735
9 736
9 737
9 738
9 739
9 740
9 741
9 742
9 743
9 744
9 745
9 746
9 747
9 748
9 749
9 750
9 751
9 752
9 753
9 754
9 755
9 756
9 757
9 758
9 759
9 760
9 761
9 762
9 763
9 764
9 765
9 766
9 767
9 768
9 769
9 770
9 771
9 772
9 773
9 774
9 775
9 776
9 777
9 778
9 779
9 780
9 781
9 782
9 783
9 784
9 785
9 786
9 787
9 788
9 789
9 790
9 791
9 792
9 793
9 794
9 795
9 796
9 797
9 798
9 799
9 800
9 801
9 802
9 803
9 804
9 805
9 806
9 807
9 808
9 809
9 810
9 811
9 812
9 813
9 814
9 815
9 816
9 817
9 818
9 819
9 820
9 821
9 822
9 823
9 824
9 825
9 826
9 827
9 828
9 829
9 830
9 831
9 832
9 833
9 834
9 835
9 836
9 837
9 838
9 839
9 840
9 841
9 842
9 843
9 844
9 845
9 846
9 847
9 848
9 849
9 850
9 851
9 852
9 853
9 854
9 855
9 856
9 857
9 858
9 859
9 860
9 861
9 862
9 863
9 864
9 865
9 866
9 867
9 868
9 869
9 870
9 871
9 872
9 873
9 874
9 875
9 876
9 877
9 878
9 879
9 880
9 881
9 882
9 883
9 884
9 885
9 886
9 887
9 888
9 889
9 890
9 891
9 892
9 893
9 894
9 895
9 896
9 897
9 898
9 899
10 0
10 1
10 2
10 3
10 4
10 5
10 6
10 7
10 8
10 9
10 10
10 11
10 12
10 13
10 14
10 15
10 16
10 17
10 18
10 19
10 20
10 21
10 22
10 23
10 24
10 25
10 26
10 27
10 28
10 29
10 30
10 31
10 32
10 33
10 34
10 35
10 36
10 37
10 38
10 39
10 40
10 41
10 42
10 43
10 44
10 45
10 46
10 47
10 48
10 49
10 50
10 51
10 52
10 53
10 54
10 55
10 56
10 57
10 58
10 59
10 60
10 61
10 62
10 63
10 64
10 65
10 66
10 67
10 68
10 69
10 70
10 71
10 72
10 73
10 74
10 75
10 76
10 77
10 78
10 79
10 80
10 81
10 82
10 83
10 84
10 85
10 86
10 87
10 88
10 89
10 90
10 91
10 92
10 93
10 94
10 95
10 96
10 97
10 98
10 99
10 100
10 101
10 102
10 103
10 104
10 105
10 106
10 107
10 108
10 109
10 110
10 111
10 112
10 113
10 114
10 115
10 116
10 117
10 118
10 119
10 120
10 121
10 122
10 123
10 124
10 125
10 126
10 127
10 128
10 129
10 130
10 131
10 132
10 133
10 134
10 135
10 136
10 137
10 138
10 139
10 140
10 141
10 142
10 143
10 144
10 145
10 146
10 147
10 148
10 149
10 150
10 151
10 152
10 153
10 154
10 155
10 156
10 157
10 158
10 159
10 160
10 161
10 162
10 163
10 164
10 165
10 166
10 167
10 168
10 169
10 170
10 171
10 172
10 173
10 174
10 175
10 176
10 177
10 178
10 179
10 180
10 181
10 182
10 183
10 184
10 185
10 186
10 187
10 188
10 189
10 190
10 191
10 192
10 193
10 194
10 195
10 196
10 197
10 198
10 199
10 200
10 201
10 202
10 203
10 204
10 205
10 206
10 207
10 208
10 209
10 210
10 211
10 212
10 213
10 214
10 215
10 216
10 217
10 218
10 219
10 220
10 221
10 222
10 223
10 224
10 225
10 226
10 227
10 228
10 229
10 230
10 231
10 232
10 233
10 234
10 235
10 236
10 237
10 238
10 239
10 240
10 241
10 242
10 243
10 244
10 245
10 246
10 247
10 248
10 249
10 250
10 251
10 252
10 253
10 254
10 255
10 256
10 257
10 258
10 259
10 260
10 261
10 262
10 263
10 264
10 265
10 266
10 267
10 268
10 269
10 270
10 271
10 272
10 273
10 274
10 275
10 276
10 277
10 278
10 279
10 280
10 281
10 282
10 283
10 284
10 285
10 286
10 287
10 288
10 289
10 290
10 291
10 292
10 293
10 294
10 295
10 296
10 297
10 298
10 299
10 300
10 301
10 302
10 303
10 304
10 305
10 306
10 307
10 308
10 309
10 310
10 311
10 312
10 313
10 314
10 315
10 316
10 317
10 318
10 319
10 320
10 321
10 322
10 323
10 324
10 325
10 326
10 327
10 328
10 329
10 330
10 331
10 332
10 333
10 334
10 335
10 336
10 337
10 338
10 339
10 340
10 341
10 342
10 343
10 344
10 345
10 346
10 347
10 348
10 349
10 350
10 351
10 352
10 353
10 354
10 355
10 356
10 357
10 358
10 359
10 360
10 361
10 362
10 363
10 364
10 365
10 366
10 367
10 368
10 369
10 370
10 371
10 372
10 373
10 374
10 375
10 376
10 377
10 378
10 379
10 380
10 381
10 382
10 383
10 384
10 385
10 386
10 387
10 388
10 389
10 390
10 391
10 392
10 393
10 394
10 395
10 396
10 397
10 398
10 399
10 400
10 401
10 402
10 403
10 404
10 405
10 406
10 407
10 408
10 409
10 410
10 411
10 412
10 413
10 414
10 415
10 416
10 417
10 418
10 419
10 420
10 421
10 422
10 423
10 424
10 425
10 426
10 427
10 428
10 429
10 430
10 431
10 432
10 433
10 434
10 435
10 436
10 437
10 438
10 439
10 440
10 441
10 442
10 443
10 444
10 445
10 446
10 447
10 448
10 449
10 450
10 451
10 452
10 453
10 454
10 455
10 456
10 457
10 458
10 459
10 460
10 461
10 462
10 463
10 464
10 465
10 466
10 467
10 468
10 469
10 470
10 471
10 472
10 473
10 474
10 475
10 476
10 477
10 478
10 479
10 480
10 481
10 482
10 483
10 484
10 485
10 486
10 487
10 488
10 489
10 490
10 491
10 492
10 493
10 494
10 495
10 496
10 497
10 498
10 499
10 500
10 501
10 502
10 503
10 504
10 505
10 506
10 507
10 508
10 509
10 510
10 511
10 512
10 513
10 514
10 515
10 516
10 517
10 518
10 519
10 520
10 521
10 522
10 523
10 524
10 525
10 526
10 527
10 528
10 529
10 530
10 531
10 532
10 533
10 534
10 535
10 536
10 537
10 538
10 539
10 540
10 541
10 542
10 543
10 544
10 545
10 546
10 547
10 548
10 549
10 550
10 551
10 552
10 553
10 554
10 555
10 556
10 557
10 558
10 559
10 560
10 561
10 562
10 563
10 564
10 565
10 566
10 567
10 568
10 569
10 570
10 571
10 572
10 573
10 574
10 575
10 576
10 577
10 578
10 579
10 580
10 581
10 582
10 583
10 584
10 585
10 586
10 587
10 588
10 589
10 590
10 591
10 592
10 593
10 594
10 595
10 596
10 597
10 598
10 599
10 600
10 601
10 602
10 603
10 604
10 605
10 606
10 607
10 608
10 609
10 610
10 611
10 612
10 613
10 614
10 615
10 616
10 617
10 618
10 619
10 620
10 621
10 622
10 623
10 624
10 625
10 626
10 627
10 628
10 629
10 630
10 631
10 632
10 633
10 634
10 635
10 636
10 637
10 638
10 639
10 640
10 641
10 642
10 643
10 644
10 645
10 646
10 647
10 648
10 649
10 650
10 651
10 652
10 653
10 654
10 655
10 656
10 657
10 658
10 659
10 660
10 661
10 662
10 663
10 664
10 665
10 666
10 667
10 668
10 669
10 670
10 671
10 672
10 673
10 674
10 675
10 676
10 677
10 678
10 679
10 680
10 681
10 682
10 683
10 684
10 685
10 686
10 687
10 688
10 689
10 690
10 691
10 692
10 693
10 694
10 695
10 696
10 697
10 698
10 699
10 700
10 701
10 702
10 703
10 704
10 705
10 706
10 707
10 708
10 709
10 710
10 711
10 712
10 713
10 714
10 715
10 716
10 717
10 718
10 719
10 720
10 721
10 722
10 723
10 724
10 725
10 726
10 727
10 728
10 729
10 730
10 731
10 732
10 733
10 734
10 735
10 736
10 737
10 738
10 739
10 740
10 741
10 742
10 743
10 744
10 745
10 746
10 747
10 748
10 749
10 750
10 751
10 752
10 753
10 754
10 755
10 756
10 757
10 758
10 759
10 760
10 761
10 762
10 763
10 764
10 765
10 766
10 767
10 768
10 769
10 770
10 771
10 772
10 773
10 774
10 775
10 776
10 777
10 778
10 779
10 780
10 781
10 782
10 783
10 784
10 785
10 786
10 787
10 788
10 789
10 790
10 791
10 792
10 793
10 794
10 795
10 796
10 797
10 798
10 799
10 800
10 801
10 802
10 803
10 804
10 805
10 806
10 807
10 808
10 809
10 810
10 811
10 812
10 813
10 814
10 815
10 816
10 817
10 818
10 819
10 820
10 821
10 822
10 823
10 824
10 825
10 826
10 827
10 828
10 829
10 830
10 831
10 832
10 833
10 834
10 835
10 836
10 837
10 838
10 839
10 840
10 841
10 842
10 843
10 844
10 845
10 846
10 847
10 848
10 849
10 850
10 851
10 852
10 853
10 854
10 855
10 856
10 857
10 858
10 859
10 860
10 861
10 862
10 863
10 864
10 865
10 866
10 867
10 868
10 869
10 870
10 871
10 872
10 873
10 874
10 875
10 876
10 877
10 878
10 879
10 880
10 881
10 882
10 883
10 884
10 885
10 886
10 887
10 888
10 889
10 890
10 891
10 892
10 893
10 894
10 895
10 896
10 897
10 898
10 899
11 0
11 1
11 2
11 3
11 4
11 5
11 6
11 7
11 8
11 9
11 10
11 11
11 12
11 13
11 14
11 15
11 16
11 17
11 18
11 19
11 20
11 21
11 22
11 23
11 24
11 25
11 26
11 27
11 28
11 29
11 30
11 31
11 32
11 33
11 34
11 35
11 36
11 37
11 38
11 39
11 40
11 41
11 42
11 43
11 44
11 45
11 46
11 47
11 48
11 49
11 50
11 51
11 52
11 53
11 54
11 55
11 56
11 57
11 58
11 59
11 60
11 61
11 62
11 63
11 64
11 65
11 66
11 67
11 68
11 69
11 70
11 71
11 72
11 73
11 74
11 75
11 76
11 77
11 78
11 79
11 80
11 81
11 82
11 83
11 84
11 85
11 86
11 87
11 88
11 89
11 90
11 91
11 92
11 93
11 94
11 95
11 96
11 97
11 98
11 99
11 100
11 101
11 102
11 103
11 104
11 105
11 106
11 107
11 108
11 109
11 110
11 111
11 112
11 113
11 114
11 115
11 116
11 117
11 118
11 119
11 120
11 121
11 122
11 123
11 124
11 125
11 126
11 127
11 128
11 129
11 130
11 131
11 132
11 133
11 134
11 135
11 136
11 137
11 138
11 139
11 140
11 141
11 142
11 143
11 144
11 145
11 146
11 147
11 148
11 149
11 150
11 151
11 152
11 153
11 154
11 155
11 156
11 157
11 158
11 159
11 160
11 161
11 162
11 163
11 164
11 165
11 166
11 167
11 168
11 169
11 170
11 171
11 172
11 173
11 174
11 175
11 176
11 177
11 178
11 179
11 180
11 181
11 182
11 183
11 184
11 185
11 186
11 187
11 188
11 189
11 190
11 191
11 192
11 193
11 194
11 195
11 196
11 197
11 198
11 199
11 200
11 201
11 202
11 203
11 204
11 205
11 206
11 207
11 208
11 209
11 210
11 211
11 212
11 213
11 214
11 215
11 216
11 217
11 218
11 219
11 220
11 221
11 222
11 223
11 224
11 225
11 226
11 227
11 228
11 229
11 230
11 231
11 232
11 233
11 234
11 235
11 236
11 237
11 238
11 239
11 240
11 241
11 242
11 243
11 244
11 245
11 246
11 247
11 248
11 249
11 250
11 251
11 252
11 253
11 254
11 255
11 256
11 257
11 258
11 259
11 260
11 261
11 262
11 263
11 264
11 265
11 266
11 267
11 268
11 269
11 270
11 271
11 272
11 273
11 274
11 275
11 276
11 277
11 278
11 279
11 280
11 281
11 282
11 283
11 284
11 285
11 286
11 287
11 288
11 289
11 290
11 291
11 292
11 293
11 294
11 295
11 296
11 297
11 298
11 299
11 300
11 301
11 302
11 303
11 304
11 305
11 306
11 307
11 308
11 309
11 310
11 311
11 312
11 313
11 314
11 315
11 316
11 317
11 318
11 319
11 320
11 321
11 322
11 323
11 324
11 325
11 326
11 327
11 328
11 329
11 330
11 331
11 332
11 333
11 334
11 335
11 336
11 337
11 338
11 339
11 340
11 341
11 342
11 343
11 344
11 345
11 346
11 347
11 348
11 349
11 350
11 351
11 352
11 353
11 354
11 355
11 356
11 357
11 358
11 359
11 360
11 361
11 362
11 363
11 364
11 365
11 366
11 367
11 368
11 369
11 370
11 371
11 372
11 373
11 374
11 375
11 376
11 377
11 378
11 379
11 380
11 381
11 382
11 383
11 384
11 385
11 386
11 387
11 388
11 389
11 390
11 391
11 392
11 393
11 394
11 395
11 396
11 397
11 398
11 399
11 400
11 401
11 402
11 403
11 404
11 405
11 406
11 407
11 408
11 409
11 410
11 411
11 412
11 413
11 414
11 415
11 416
11 417
11 418
11 419
11 420
11 421
11 422
11 423
11 424
11 425
11 426
11 427
11 428
11 429
11 430
11 431
11 432
11 433
11 434
11 435
11 436
11 437
11 438
11 439
11 440
11 441
11 442
11 443
11 444
11 445
11 446
11 447
11 448
11 449
11 450
11 451
11 452
11 453
11 454
11 455
11 456
11 457
11 458
11 459
11 460
11 461
11 462
11 463
11 464
11 465
11 466
11 467
11 468
11 469
11 470
11 471
11 472
11 473
11 474
11 475
11 476
11 477
11 478
11 479
11 480
11 481
11 482
11 483
11 484
11 485
11 486
11 487
11 488
11 489
11 490
11 491
11 492
11 493
11 494
11 495
11 496
11 497
11 498
11 499
11 500
11 501
11 502
11 503
11 504
11 505
11 506
11 507
11 508
11 509
11 510
11 511
11 512
11 513
11 514
11 515
11 516
11 517
11 518
11 519
11 520
11 521
11 522
11 523
11 524
11 525
11 526
11 527
11 528
11 529
11 530
11 531
11 532
11 533
11 534
11 535
11 536
11 537
11 538
11 539
11 540
11 541
11 542
11 543
11 544
11 545
11 546
11 547
11 548
11 549
11 550
11 551
11 552
11 553
11 554
11 555
11 556
11 557
11 558
11 559
11 560
11 561
11 562
11 563
11 564
11 565
11 566
11 567
11 568
11 569
11 570
11 571
11 572
11 573
11 574
11 575
11 576
11 577
11 578
11 579
11 580
11 581
11 582
11 583
11 584
11 585
11 586
11 587
11 588
11 589
11 590
11 591
11 592
11 593
11 594
11 595
11 596
11 597
11 598
11 599
11 600
11 601
11 602
11 603
11 604
11 605
11 606
11 607
11 608
11 609
11 610
11 611
11 612
11 613
11 614
11 615
11 616
11 617
11 618
11 619
11 620
11 621
11 622
11 623
11 624
11 625
11 626
11 627
11 628
11 629
11 630
11 631
11 632
11 633
11 634
11 635
11 636
11 637
11 638
11 639
11 640
11 641
11 642
11 643
11 644
11 645
11 646
11 647
11 648
11 649
11 650
11 651
11 652
11 653
11 654
11 655
11 656
11 657
11 658
11 659
11 660
11 661
11 662
11 663
11 664
11 665
11 666
11 667
11 668
11 669
11 670
11 671
11 672
11 673
11 674
11 675
11 676
11 677
11 678
11 679
11 680
11 681
11 682
11 683
11 684
11 685
11 686
11 687
11 688
11 689
11 690
11 691
11 692
11 693
11 694
11 695
11 696
11 697
11 698
11 699
11 700
11 701
11 702
11 703
11 704
11 705
11 706
11 707
11 708
11 709
11 710
11 711
11 712
11 713
11 714
11 715
11 716
11 717
11 718
11 719
11 720
11 721
11 722
11 723
11 724
11 725
11 726
11 727
11 728
11 729
11 730
11 731
11 732
11 733
11 734
11 735
11 736
11 737
11 738
11 739
11 740
11 741
11 742
11 743
11 744
11 745
11 746
11 747
11 748
11 749
11 750
11 751
11 752
11 753
11 754
11 755
11 756
11 757
11 758
11 759
11 760
11 761
11 762
11 763
11 764
11 765
11 766
11 767
11 768
11 769
11 770
11 771
11 772
11 773
11 774
11 775
11 776
11 777
11 778
11 779
11 780
11 781
11 782
11 783
11 784
11 785
11 786
11 787
11 788
11 789
11 790
11 791
11 792
11 793
11 794
11 795
11 796
11 797
11 798
11 799
11 800
11 801
11 802
11 803
11 804
11 805
11 806
11 807
11 808
11 809
11 810
11 811
11 812
11 813
11 814
11 815
11 816
11 817
11 818
11 819
11 820
11 821
11 822
11 823
11 824
11 825
11 826
11 827
11 828
11 829
11 830
11 831
11 832
11 833
11 834
11 835
11 836
11 837
11 838
11 839
11 840
11 841
11 842
11 843
11 844
11 845
11 846
11 847
11 848
11 849
11 850
11 851
11 852
11 853
11 854
11 855
11 856
11 857
11 858
11 859
11 860
11 861
11 862
11 863
11 864
11 865
11 866
11 867
11 868
11 869
11 870
11 871
11 872
11 873
11 874
11 875
11 876
11 877
11 878
11 879
11 880
11 881
11 882
11 883
11 884
11 885
11 886
11 887
11 888
11 889
11 890
11 891
11 892
11 893
11 894
11 895
11 896
11 897
11 898
11 899
12 0
12 1
12 2
12 3
12 4
12 5
12 6
12 7
12 8
12 9
12 10
12 11
12 12
12 13
12 14
12 15
12 16
12 17
12 18
12 19
12 20
12 21
12 22
12 23
12 24
12 25
12 26
12 27
12 28
12 29
12 30
12 31
12 32
12 33
12 34
12 35
12 36
12 37
12 38
12 39
12 40
12 41
12 42
12 43
12 44
12 45
12 46
12 47
12 48
12 49
12 50
12 51
12 52
12 53
12 54
12 55
12 56
12 57
12 58
12 59
12 60
12 61
12 62
12 63
12 64
12 65
12 66
12 67
12 68
12 69
12 70
12 71
12 72
12 73
12 74
12 75
12 76
12 77
12 78
12 79
12 80
12 81
12 82
12 83
12 84
12 85
12 86
12 87
12 88
12 89
12 90
12 91
12 92
12 93
12 94
12 95
12 96
12 97
12 98
12 99
12 100
12 101
12 102
12 103
12 104
12 105
12 106
12 107
12 108
12 109
12 110
12 111
12 112
12 113
12 114
12 115
12 116
12 117
12 118
12 119
12 120
12 121
12 122
12 123
12 124
12 125
12 126
12 127
12 128
12 129
12 130
12 131
12 132
12 133
12 134
12 135
12 136
12 137
12 138
12 139
12 140
12 141
12 142
12 143
12 144
12 145
12 146
12 147
12 148
12 149
12 150
12 151
12 152
12 153
12 154
12 155
12 156
12 157
12 158
12 159
12 160
12 161
12 162
12 163
12 164
12 165
12 166
12 167
12 168
12 169
12 170
12 171
12 172
12 173
12 174
12 175
12 176
12 177
12 178
12 179
12 180
12 181
12 182
12 183
12 184
12 185
12 186
12 187
12 188
12 189
12 190
12 191
12 192
12 193
12 194
12 195
12 196
12 197
12 198
12 199
12 200
12 201
12 202
12 203
12 204
12 205
12 206
12 207
12 208
12 209
12 210
12 211
12 212
12 213
12 214
12 215
12 216
12 217
12 218
12 219
12 220
12 221
12 222
12 223
12 224
12 225
12 226
12 227
12 228
12 229
12 230
12 231
12 232
12 233
12 234
12 235
12 236
12 237
12 238
12 239
12 240
12 241
12 242
12 243
12 244
12 245
12 246
12 247
12 248
12 249
12 250
12 251
12 252
12 253
12 254
12 255
12 256
12 257
12 258
12 259
12 260
12 261
12 262
12 263
12 264
12 265
12 266
12 267
12 268
12 269
12 270
12 271
12 272
12 273
12 274
12 275
12 276
12 277
12 278
12 279
12 280
12 281
12 282
12 283
12 284
12 285
12 286
12 287
12 288
12 289
12 290
12 291
12 292
12 293
12 294
12 295
12 296
12 297
12 298
12 299
12 300
12 301
12 302
12 303
12 304
12 305
12 306
12 307
12 308
12 309
12 310
12 311
12 312
12 313
12 314
12 315
12 316
12 317
12 318
12 319
12 320
12 321
12 322
12 323
12 324
12 325
12 326
12 327
12 328
12 329
12 330
12 331
12 332
12 333
12 334
12 335
12 336
12 337
12 338
12 339
12 340
12 341
12 342
12 343
12 344
12 345
12 346
12 347
12 348
12 349
12 350
12 351
12 352
12 353
12 354
12 355
12 356
12 357
12 358
12 359
12 360
12 361
12 362
12 363
12 364
12 365
12 366
12 367
12 368
12 369
12 370
12 371
12 372
12 373
12 374
12 375
12 376
12 377
12 378
12 379
12 380
12 381
12 382
12 383
12 384
12 385
12 386
12 387
12 388
12 389
12 390
12 391
12 392
12 393
12 394
12 395
12 396
12 397
12 398
12 399
12 400
12 401
12 402
12 403
12 404
12 405
12 406
12 407
12 408
12 409
12 410
12 411
12 412
12 413
12 414
12 415
12 416
12 417
12 418
12 419
12 420
12 421
12 422
12 423
12 424
12 425
12 426
12 427
12 428
12 429
12 430
12 431
12 432
12 433
12 434
12 435
12 436
12 437
12 438
12 439
12 440
12 441
12 442
12 443
12 444
12 445
12 446
12 447
12 448
12 449
12 450
12 451
12 452
12 453
12 454
12 455
12 456
12 457
12 458
12 459
12 460
12 461
12 462
12 463
12 464
12 465
12 466
12 467
12 468
12 469
12 470
12 471
12 472
12 473
12 474
12 475
12 476
12 477
12 478
12 479
12 480
12 481
12 482
12 483
12 484
12 485
12 486
12 487
12 488
12 489
12 490
12 491
12 492
12 493
12 494
12 495
12 496
12 497
12 498
12 499
12 500
12 501
12 502
12 503
12 504
12 505
12 506
12 507
12 508
12 509
12 510
12 511
12 512
12 513
12 514
12 515
12 516
12 517
12 518
12 519
12 520
12 521
12 522
12 523
12 524
12 525
12 526
12 527
12 528
12 529
12 530
12 531
12 532
12 533
12 534
12 535
12 536
12 537
12 538
12 539
12 540
12 541
12 542
12 543
12 544
12 545
12 546
12 547
12 548
12 549
12 550
12 551
12 552
12 553
12 554
12 555
12 556
12 557
12 558
12 559
12 560
12 561
12 562
12 563
12 564
12 565
12 566
12 567
12 568
12 569
12 570
12 571
12 572
12 573
12 574
12 575
12 576
12 577
12 578
12 579
12 580
12 581
12 582
12 583
12 584
12 585
12 586
12 587
12 588
12 589
12 590
12 591
12 592
12 593
12 594
12 595
12 596
12 597
12 598
12 599
12 600
12 601
12 602
12 603
12 604
12 605
12 606
12 607
12 608
12 609
12 610
12 611
12 612
12 613
12 614
12 615
12 616
12 617
12 618
12 619
12 620
12 621
12 622
12 623
12 624
12 625
12 626
12 627
12 628
12 629
12 630
12 631
12 632
12 633
12 634
12 635
12 636
12 637
12 638
12 639
12 640
12 641
12 642
12 643
12 644
12 645
12 646
12 647
12 648
12 649
12 650
12 651
12 652
12 653
12 654
12 655
12 656
12 657
12 658
12 659
12 660
12 661
12 662
12 663
12 664
12 665
12 666
12 667
12 668
12 669
12 670
12 671
12 672
12 673
12 674
12 675
12 676
12 677
12 678
12 679
12 680
12 681
12 682
12 683
12 684
12 685
12 686
12 687
12 688
12 689
12 690
12 691
12 692
12 693
12 694
12 695
12 696
12 697
12 698
12 699
12 700
12 701
12 702
12 703
12 704
12 705
12 706
12 707
12 708
12 709
12 710
12 711
12 712
12 713
12 714
12 715
12 716
12 717
12 718
12 719
12 720
12 721
12 722
12 723
12 724
12 725
12 726
12 727
12 728
12 729
12 730
12 731
12 732
12 733
12 734
12 735
12 736
12 737
12 738
12 739
12 740
12 741
12 742
12 743
12 744
12 745
12 746
12 747
12 748
12 749
12 750
12 751
12 752
12 753
12 754
12 755
12 756
12 757
12 758
12 759
12 760
12 761
12 762
12 763
12 764
12 765
12 766
12 767
12 768
12 769
12 770
12 771
12 772
12 773
12 774
12 775
12 776
12 777
12 778
12 779
12 780
12 781
12 782
12 783
12 784
12 785
12 786
12 787
12 788
12 789
12 790
12 791
12 792
12 793
12 794
12 795
12 796
12 797
12 798
12 799
12 800
12 801
12 802
12 803
12 804
12 805
12 806
12 807
12 808
12 809
12 810
12 811
12 812
12 813
12 814
12 815
12 816
12 817
12 818
12 819
12 820
12 821
12 822
12 823
12 824
12 825
12 826
12 827
12 828
12 829
12 830
12 831
12 832
12 833
12 834
12 835
12 836
12 837
12 838
12 839
12 840
12 841
12 842
12 843
12 844
12 845
12 846
12 847
12 848
12 849
12 850
12 851
12 852
12 853
12 854
12 855
12 856
12 857
12 858
12 859
12 860
12 861
12 862
12 863
12 864
12 865
12 866
12 867
12 868
12 869
12 870
12 871
12 872
12 873
12 874
12 875
12 876
12 877
12 878
12 879
12 880
12 881
12 882
12 883
12 884
12 885
12 886
12 887
12 888
12 889
12 890
12 891
12 892
12 893
12 894
12 895
12 896
12 897
12 898
12 899
13 0
13 1
13 2
13 3
13 4
13 5
13 6
13 7
13 8
13 9
13 10
13 11
13 12
13 13
13 14
13 15
13 16
13 17
13 18
13 19
13 20
13 21
13 22
13 23
13 24
13 25
13 26
13 27
13 28
13 29
13 30
13 31
13 32
13 33
13 34
13 35
13 36
13 37
13 38
13 39
13 40
13 41
13 42
13 43
13 44
13 45
13 46
13 47
13 48
13 49
13 50
13 51
13 52
13 53
13 54
13 55
13 56
13 57
13 58
13 59
13 60
13 61
13 62
13 63
13 64
13 65
13 66
13 67
13 68
13 69
13 70
13 71
13 72
13 73
13 74
13 75
13 76
13 77
13 78
13 79
13 80
13 81
13 82
13 83
13 84
13 85
13 86
13 87
13 88
13 89
13 90
13 91
13 92
13 93
13 94
13 95
13 96
13 97
13 98
13 99
13 100
13 101
13 102
13 103
13 104
13 105
13 106
13 107
13 108
13 109
13 110
13 111
13 112
13 113
13 114
13 115
13 116
13 117
13 118
13 119
13 120
13 121
13 122
13 123
13 124
13 125
13 126
13 127
13 128
13 129
13 130
13 131
13 132
13 133
13 134
13 135
13 136
13 137
13 138
13 139
13 140
13 141
13 142
13 143
13 144
13 145
13 146
13 147
13 148
13 149
13 150
13 151
13 152
13 153
13 154
13 155
13 156
13 157
13 158
13 159
13 160
13 161
13 162
13 163
13 164
13 165
13 166
13 167
13 168
13 169
13 170
13 171
13 172
13 173
13 174
13 175
13 176
13 177
13 178
13 179
13 180
13 181
13 182
13 183
13 184
13 185
13 186
13 187
13 188
13 189
13 190
13 191
13 192
13 193
13 194
13 195
13 196
13 197
13 198
13 199
13 200
13 201
13 202
13 203
13 204
13 205
13 206
13 207
13 208
13 209
13 210
13 211
13 212
13 213
13 214
13 215
13 216
13 217
13 218
13 219
13 220
13 221
13 222
13 223
13 224
13 225
13 226
13 227
13 228
13 229
13 230
13 231
13 232
13 233
13 234
13 235
13 236
13 237
13 238
13 239
13 240
13 241
13 242
13 243
13 244
13 245
13 246
13 247
13 248
13 249
13 250
13 251
13 252
13 253
13 254
13 255
13 256
13 257
13 258
13 259
13 260
13 261
13 262
13 263
13 264
13 265
13 266
13 267
13 268
13 269
13 270
13 271
13 272
13 273
13 274
13 275
13 276
13 277
13 278
13 279
13 280
13 281
13 282
13 283
13 284
13 285
13 286
13 287
13 288
13 289
13 290
13 291
13 292
13 293
13 294
13 295
13 296
13 297
13 298
13 299
13 300
13 301
13 302
13 303
13 304
13 305
13 306
13 307
13 308
13 309
13 310
13 311
13 312
13 313
13 314
13 315
13 316
13 317
13 318
13 319
13 320
13 321
13 322
13 323
13 324
13 325
13 326
13 327
13 328
13 329
13 330
13 331
13 332
13 333
13 334
13 335
13 336
13 337
13 338
13 339
13 340
13 341
13 342
13 343
13 344
13 345
13 346
13 347
13 348
13 349
13 350
13 351
13 352
13 353
13 354
13 355
13 356
13 357
13 358
13 359
13 360
13 361
13 362
13 363
13 364
13 365
13 366
13 367
13 368
13 369
13 370
13 371
13 372
13 373
13 374
13 375
13 376
13 377
13 378
13 379
13 380
13 381
13 382
13 383
13 384
13 385
13 386
13 387
13 388
13 389
13 390
13 391
13 392
13 393
13 394
13 395
13 396
13 397
13 398
13 399
13 400
13 401
13 402
13 403
13 404
13 405
13 406
13 407
13 408
13 409
13 410
13 411
13 412
13 413
13 414
13 415
13 416
13 417
13 418
13 419
13 420
13 421
13 422
13 423
13 424
13 425
13 426
13 427
13 428
13 429
13 430
13 431
13 432
13 433
13 434
13 435
13 436
13 437
13 438
13 439
13 440
13 441
13 442
13 443
13 444
13 445
13 446
13 447
13 448
13 449
13 450
13 451
13 452
13 453
13 454
13 455
13 456
13 457
13 458
13 459
13 460
13 461
13 462
13 463
13 464
13 465
13 466
13 467
13 468
13 469
13 470
13 471
13 472
13 473
13 474
13 475
13 476
13 477
13 478
13 479
13 480
13 481
13 482
13 483
13 484
13 485
13 486
13 487
13 488
13 489
13 490
13 491
13 492
13 493
13 494
13 495
13 496
13 497
13 498
13 499
13 500
13 501
13 502
13 503
13 504
13 505
13 506
13 507
13 508
13 509
13 510
13 511
13 512
13 513
13 514
13 515
13 516
13 517
13 518
13 519
13 520
13 521
13 522
13 523
13 524
13 525
13 526
13 527
13 528
13 529
13 530
13 531
13 532
13 533
13 534
13 535
13 536
13 537
13 538
13 539
13 540
13 541
13 542
13 543
13 544
13 545
13 546
13 547
13 548
13 549
13 550
13 551
13 552
13 553
13 554
13 555
13 556
13 557
13 558
13 559
13 560
13 561
13 562
13 563
13 564
13 565
13 566
13 567
13 568
13 569
13 570
13 571
13 572
13 573
13 574
13 575
13 576
13 577
13 578
13 579
13 580
13 581
13 582
13 583
13 584
13 585
13 586
13 587
13 588
13 589
13 590
13 591
13 592
13 593
13 594
13 595
13 596
13 597
13 598
13 599
13 600
13 601
13 602
13 603
13 604
13 605
13 606
13 607
13 608
13 609
13 610
13 611
13 612
13 613
13 614
13 615
13 616
13 617
13 618
13 619
13 620
13 621
13 622
13 623
13 624
13 625
13 626
13 627
13 628
13 629
13 630
13 631
13 632
13 633
13 634
13 635
13 636
13 637
13 638
13 639
13 640
13 641
13 642
13 643
13 644
13 645
13 646
13 647
13 648
13 649
13 650
13 651
13 652
13 653
13 654
13 655
13 656
13 657
13 658
13 659
13 660
13 661
13 662
13 663
13 664
13 665
13 666
13 667
13 668
13 669
13 670
13 671
13 672
13 673
13 674
13 675
13 676
13 677
13 678
13 679
13 680
13 681
13 682
13 683
13 684
13 685
13 686
13 687
13 688
13 689
13 690
13 691
13 692
13 693
13 694
13 695
13 696
13 697
13 698
13 699
13 700
13 701
13 702
13 703
13 704
13 705
13 706
13 707
13 708
13 709
13 710
13 711
13 712
13 713
13 714
13 715
13 716
13 717
13 718
13 719
13 720
13 721
13 722
13 723
13 724
13 725
13 726
13 727
13 728
13 729
13 730
13 731
13 732
13 733
13 734
13 735
13 736
13 737
13 738
13 739
13 740
13 741
13 742
13 743
13 744
13 745
13 746
13 747
13 748
13 749
13 750
13 751
13 752
13 753
13 754
13 755
13 756
13 757
13 758
13 759
13 760
13 761
13 762
13 763
13 764
13 765
13 766
13 767
13 768
13 769
13 770
13 771
13 772
13 773
13 774
13 775
13 776
13 777
13 778
13 779
13 780
13 781
13 782
13 783
13 784
13 785
13 786
13 787
13 788
13 789
13 790
13 791
13 792
13 793
13 794
13 795
13 796
13 797
13 798
13 799
13 800
13 801
13 802
13 803
13 804
13 805
13 806
13 807
13 808
13 809
13 810
13 811
13 812
13 813
13 814
13 815
13 816
13 817
13 818
13 819
13 820
13 821
13 822
13 823
13 824
13 825
13 826
13 827
13 828
13 829
13 830
13 831
13 832
13 833
13 834
13 835
13 836
13 837
13 838
13 839
13 840
13 841
13 842
13 843
13 844
13 845
13 846
13 847
13 848
13 849
13 850
13 851
13 852
13 853
13 854
13 855
13 856
13 857
13 858
13 859
13 860
13 861
13 862
13 863
13 864
13 865
13 866
13 867
13 868
13 869
13 870
13 871
13 872
13 873
13 874
13 875
13 876
13 877
13 878
13 879
13 880
13 881
13 882
13 883
13 884
13 885
13 886
13 887
13 888
13 889
13 890
13 891
13 892
13 893
13 894
13 895
13 896
13 897
13 898
13 899
14 0
14 1
14 2
14 3
14 4
14 5
14 6
14 7
14 8
14 9
14 10
14 11
14 12
14 13
14 14
14 15
14 16
14 17
14 18
14 19
14 20
14 21
14 22
14 23
14 24
14 25
14 26
14 27
14 28
14 29
14 30
14 31
14 32
14 33
14 34
14 35
14 36
14 37
14 38
14 39
14 40
14 41
14 42
14 43
14 44
14 45
14 46
14 47
14 48
14 49
14 50
14 51
14 52
14 53
14 54
14 55
14 56
14 57
14 58
14 59
14 60
14 61
14 62
14 63
14 64
14 65
14 66
14 67
14 68
14 69
14 70
14 71
14 72
14 73
14 74
14 75
14 76
14 77
14 78
14 79
14 80
14 81
14 82
14 83
14 84
14 85
14 86
14 87
14 88
14 89
14 90
14 91
14 92
14 93
14 94
14 95
14 96
14 97
14 98
14 99
14 100
14 101
14 102
14 103
14 104
14 105
14 106
14 107
14 108
14 109
14 110
14 111
14 112
14 113
14 114
14 115
14 116
14 117
14 118
14 119
14 120
14 121
14 122
14 123
14 124
14 125
14 126
14 127
14 128
14 129
14 130
14 131
14 132
14 133
14 134
14 135
14 136
14 137
14 138
14 139
14 140
14 141
14 142
14 143
14 144
14 145
14 146
14 147
14 148
14 149
14 150
14 151
14 152
14 153
14 154
14 155
14 156
14 157
14 158
14 159
14 160
14 161
14 162
14 163
14 164
14 165
14 166
14 167
14 168
14 169
14 170
14 171
14 172
14 173
14 174
14 175
14 176
14 177
14 178
14 179
14 180
14 181
14 182
14 183
14 184
14 185
14 186
14 187
14 188
14 189
14 190
14 191
14 192
14 193
14 194
14 195
14 196
14 197
14 198
14 199
14 200
14 201
14 202
14 203
14 204
14 205
14 206
14 207
14 208
14 209
14 210
14 211
14 212
14 213
14 214
14 215
14 216
14 217
14 218
14 219
14 220
14 221
14 222
14 223
14 224
14 225
14 226
14 227
14 228
14 229
14 230
14 231
14 232
14 233
14 234
14 235
14 236
14 237
14 238
14 239
14 240
14 241
14 242
14 243
14 244
14 245
14 246
14 247
14 248
14 249
14 250
14 251
14 252
14 253
14 254
14 255
14 256
14 257
14 258
14 259
14 260
14 261
14 262
14 263
14 264
14 265
14 266
14 267
14 268
14 269
14 270
14 271
14 272
14 273
14 274
14 275
14 276
14 277
14 278
14 279
14 280
14 281
14 282
14 283
14 284
14 285
14 286
14 287
14 288
14 289
14 290
14 291
14 292
14 293
14 294
14 295
14 296
14 297
14 298
14 299
14 300
14 301
14 302
14 303
14 304
14 305
14 306
14 307
14 308
14 309
14 310
14 311
14 312
14 313
14 314
14 315
14 316
14 317
14 318
14 319
14 320
14 321
14 322
14 323
14 324
14 325
14 326
14 327
14 328
14 329
14 330
14 331
14 332
14 333
14 334
14 335
14 336
14 337
14 338
14 339
14 340
14 341
14 342
14 343
14 344
14 345
14 346
14 347
14 348
14 349
14 350
14 351
14 352
14 353
14 354
14 355
14 356
14 357
14 358
14 359
14 360
14 361
14 362
14 363
14 364
14 365
14 366
14 367
14 368
14 369
14 370
14 371
14 372
14 373
14 374
14 375
14 376
14 377
14 378
14 379
14 380
14 381
14 382
14 383
14 384
14 385
14 386
14 387
14 388
14 389
14 390
14 391
14 392
14 393
14 394
14 395
14 396
14 397
14 398
14 399
14 400
14 401
14 402
14 403
14 404
14 405
14 406
14 407
14 408
14 409
14 410
14 411
14 412
14 413
14 414
14 415
14 416
14 417
14 418
14 419
14 420
14 421
14 422
14 423
14 424
14 425
14 426
14 427
14 428
14 429
14 430
14 431
14 432
14 433
14 434
14 435
14 436
14 437
14 438
14 439
14 440
14 441
14 442
14 443
14 444
14 445
14 446
14 447
14 448
14 449
14 450
14 451
14 452
14 453
14 454
14 455
14 456
14 457
14 458
14 459
14 460
14 461
14 462
14 463
14 464
14 465
14 466
14 467
14 468
14 469
14 470
14 471
14 472
14 473
14 474
14 475
14 476
14 477
14 478
14 479
14 480
14 481
14 482
14 483
14 484
14 485
14 486
14 487
14 488
14 489
14 490
14 491
14 492
14 493
14 494
14 495
14 496
14 497
14 498
14 499
14 500
14 501
14 502
14 503
14 504
14 505
14 506
14 507
14 508
14 509
14 510
14 511
14 512
14 513
14 514
14 515
14 516
14 517
14 518
14 519
14 520
14 521
14 522
14 523
14 524
14 525
14 526
14 527
14 528
14 529
14 530
14 531
14 532
14 533
14 534
14 535
14 536
14 537
14 538
14 539
14 540
14 541
14 542
14 543
14 544
14 545
14 546
14 547
14 548
14 549
14 550
14 551
14 552
14 553
14 554
14 555
14 556
14 557
14 558
14 559
14 560
14 561
14 562
14 563
14 564
14 565
14 566
14 567
14 568
14 569
14 570
14 571
14 572
14 573
14 574
14 575
14 576
14 577
14 578
14 579
14 580
14 581
14 582
14 583
14 584
14 585
14 586
14 587
14 588
14 589
14 590
14 591
14 592
14 593
14 594
14 595
14 596
14 597
14 598
14 599
14 600
14 601
14 602
14 603
14 604
14 605
14 606
14 607
14 608
14 609
14 610
14 611
14 612
14 613
14 614
14 615
14 616
14 617
14 618
14 619
14 620
14 621
14 622
14 623
14 624
14 625
14 626
14 627
14 628
14 629
14 630
14 631
14 632
14 633
14 634
14 635
14 636
14 637
14 638
14 639
14 640
14 641
14 642
14 643
14 644
14 645
14 646
14 647
14 648
14 649
14 650
14 651
14 652
14 653
14 654
14 655
14 656
14 657
14 658
14 659
14 660
14 661
14 662
14 663
14 664
14 665
14 666
14 667
14 668
14 669
14 670
14 671
14 672
14 673
14 674
14 675
14 676
14 677
14 678
14 679
14 680
14 681
14 682
14 683
14 684
14 685
14 686
14 687
14 688
14 689
14 690
14 691
14 692
14 693
14 694
14 695
14 696
14 697
14 698
14 699
14 700
14 701
14 702
14 703
14 704
14 705
14 706
14 707
14 708
14 709
14 710
14 711
14 712
14 713
14 714
14 715
14 716
14 717
14 718
14 719
14 720
14 721
14 722
14 723
14 724
14 725
14 726
14 727
14 728
14 729
14 730
14 731
14 732
14 733
14 734
14 735
14 736
14 737
14 738
14 739
14 740
14 741
14 742
14 743
14 744
14 745
14 746
14 747
14 748
14 749
14 750
14 751
14 752
14 753
14 754
14 755
14 756
14 757
14 758
14 759
14 760
14 761
14 762
14 763
14 764
14 765
14 766
14 767
14 768
14 769
14 770
14 771
14 772
14 773
14 774
14 775
14 776
14 777
14 778
14 779
14 780
14 781
14 782
14 783
14 784
14 785
14 786
14 787
14 788
14 789
14 790
14 791
14 792
14 793
14 794
14 795
14 796
14 797
14 798
14 799
14 800
14 801
14 802
14 803
14 804
14 805
14 806
14 807
14 808
14 809
14 810
14 811
14 812
14 813
14 814
14 815
14 816
14 817
14 818
14 819
14 820
14 821
14 822
14 823
14 824
14 825
14 826
14 827
14 828
14 829
14 830
14 831
14 832
14 833
14 834
14 835
14 836
14 837
14 838
14 839
14 840
14 841
14 842
14 843
14 844
14 845
14 846
14 847
14 848
14 849
14 850
14 851
14 852
14 853
14 854
14 855
14 856
14 857
14 858
14 859
14 860
14 861
14 862
14 863
14 864
14 865
14 866
14 867
14 868
14 869
14 870
14 871
14 872
14 873
14 874
14 875
14 876
14 877
14 878
14 879
14 880
14 881
14 882
14 883
14 884
14 885
14 886
14 887
14 888
14 889
14 890
14 891
14 892
14 893
14 894
14 895
14 896
14 897
14 898
14 899
