1.866517795552499592e+01
1.924687602557241917e+01
1.758748403773643076e+01
1.764942391286604106e+01
1.691367335407994688e+01
2.213876979332417250e+01
1.938397663482464850e+01
2.184613281022757292e+01
2.579654159490019083e+01
2.023111534700728953e+01
1.909022386069409549e+01
1.624190827319398522e+01
1.800213015521876514e+01
1.854129761527292430e+01
2.211239546886645257e+01
1.804450672329403460e+01
2.416121383919380605e+01
1.787278593541122973e+01
2.047745762555859983e+01
1.872955357260070741e+01
2.041913674259558320e+01
2.174273818428628147e+01
1.598934069252572954e+01
2.337867305451072752e+01
2.281827099504880607e+01
1.772243009530939162e+01
1.892285691807046533e+01
1.696893506869673729e+01
2.221241772198118269e+01
1.744006909197196364e+01
2.025143222021870315e+01
2.399273603665642440e+01
2.020553746260702610e+01
1.905826169112697244e+01
2.064116346742957830e+01
2.359300491074100137e+01
2.006008260371163487e+01
2.219790849136188626e+01
2.020884053013287485e+01
2.037664325814694166e+01
1.995455236430279911e+01
1.695023981388658285e+01
2.007988182199187577e+01
1.715074611408635974e+01
2.134475535363890231e+01
0.000000000000000000e+00
0.000000000000000000e+00
0.000000000000000000e+00
0.000000000000000000e+00
0.000000000000000000e+00
0.000000000000000000e+00
0.000000000000000000e+00
0.000000000000000000e+00
0.000000000000000000e+00
0.000000000000000000e+00
0.000000000000000000e+00
0.000000000000000000e+00
0.000000000000000000e+00
0.000000000000000000e+00
0.000000000000000000e+00
0.000000000000000000e+00
0.000000000000000000e+00
0.000000000000000000e+00
0.000000000000000000e+00
0.000000000000000000e+00
0.000000000000000000e+00
0.000000000000000000e+00
0.000000000000000000e+00
0.000000000000000000e+00
0.000000000000000000e+00
0.000000000000000000e+00
0.000000000000000000e+00
0.000000000000000000e+00
0.000000000000000000e+00
0.000000000000000000e+00
0.000000000000000000e+00
0.000000000000000000e+00
0.000000000000000000e+00
0.000000000000000000e+00
0.000000000000000000e+00
0.000000000000000000e+00
0.000000000000000000e+00
0.000000000000000000e+00
0.000000000000000000e+00
0.000000000000000000e+00
0.000000000000000000e+00
0.000000000000000000e+00
0.000000000000000000e+00
0.000000000000000000e+00
0.000000000000000000e+00
0.000000000000000000e+00
0.000000000000000000e+00
0.000000000000000000e+00
0.000000000000000000e+00
0.000000000000000000e+00
0.000000000000000000e+00
0.000000000000000000e+00
0.000000000000000000e+00
0.000000000000000000e+00
0.000000000000000000e+00
