1.515343061869483928e-06
1.365635332908612400e-06
1.224402406821690699e-06
1.097650395663897266e-06
9.880818191681238888e-07
8.889007003860589532e-07
7.938187622975550572e-07
7.038224136113558005e-07
6.237886514774576288e-07
5.564783023884487260e-07
5.004075203763903885e-07
4.515722956256827241e-07
4.061007869259477338e-07
3.617990069037361034e-07
3.182889220541335916e-07
2.763526798498481539e-07
2.371490944013459405e-07
2.016622196031189540e-07
1.704547232995107983e-07
1.436493096869200833e-07
1.210279848394045272e-07
1.021641416472960364e-07
8.653939372243879577e-08
7.362692615710561736e-08
6.294151373223036554e-08
5.406301668424630169e-08
4.664235257939152123e-08
4.039740401080342624e-08
3.510415970353735599e-08
3.058649888757525943e-08
2.670643081521924255e-08
2.335564105923687747e-08
2.044859588230745892e-08
1.791711189768047819e-08
1.570621402370674874e-08
1.377100671364462893e-08
1.207435612409461201e-08
1.058516937780522502e-08
9.277119070874941717e-09
8.127700208345536484e-09
7.117514198989249250e-09
6.229730769070292078e-09
5.449670955742957160e-09
4.764481377404513637e-09
4.162870904521899446e-09
3.634900442333949889e-09
3.171806681664432280e-09
2.765901462420651442e-09
2.410197276920910428e-09
2.098873980820970718e-09
1.826412621513192091e-09
1.588268600186372586e-09
1.380198125631525176e-09
1.198481377488332169e-09
1.039989520648647714e-09
9.017712338529170050e-10
7.813934402378180945e-10
6.765967079341655816e-10
5.854060309333701759e-10
5.061611782828725389e-10
4.373070903582243940e-10
3.775617284417674402e-10
3.257420699919609132e-10
2.808177456755060384e-10
2.419237465664100187e-10
2.082555836470854565e-10
1.791504486603644134e-10
1.539936714701877445e-10
1.322789962629445833e-10
1.135434655526441686e-10
9.738601079597825777e-11
8.347070007354186293e-11
7.148819926749797455e-11
6.118399313212296159e-11
5.232680739747608512e-11
4.471703695876674985e-11
3.818784460477806261e-11
3.258662738719519784e-11
2.778799126498217368e-11
2.367869143712244736e-11
2.016136964178418240e-11
1.715481588363305691e-11
1.458524387457372085e-11
1.239210775618410455e-11
1.052105754785902010e-11
8.925547532842075553e-12
7.566838261857892470e-12
6.409956837745806811e-12
5.426253244988538865e-12
4.590159235893331580e-12
3.879861321320730874e-12
3.277247398163684596e-12
2.766067685860427884e-12
2.333034380724529589e-12
1.966356219476581791e-12
1.656012225208472537e-12
1.393701902228549268e-12
1.172023557737767051e-12
9.849359892677378267e-13
8.271083124279307097e-13
6.940272976948452178e-13
5.819641425336104571e-13
4.876132524146873651e-13
4.082822219201746671e-13
3.415897645636335473e-13
2.855979711247635476e-13
2.386096955413218216e-13
1.991958006415825162e-13
1.661798830687065101e-13
1.385273896288356877e-13
1.153982484780593318e-13
9.606064071323399166e-14
7.990066252659335594e-14
6.641435042907256980e-14
5.516097504850112143e-14
4.578347773268357091e-14
3.797242345790235300e-14
3.146922329165597997e-14
2.606218702433054870e-14
2.156719526057521523e-14
1.783543878248797932e-14
1.473861317065615331e-14
1.216990354522658862e-14
1.004211642040197968e-14
8.279819544995967927e-15
6.822197413027240288e-15
5.617077131487190436e-15
4.621188777997868538e-15
3.799313312659097070e-15
3.121142057238674534e-15
2.562301488074861452e-15
2.101985021654712834e-15
1.723001862941883249e-15
1.411401030999395289e-15
1.155238536544235730e-15
9.449343655148312913e-16
7.723502963508734813e-16
6.307877598014639737e-16
5.148268951834691206e-16
4.198510780361401555e-16
3.421673288859307271e-16
2.786362984225269797e-16
2.267494565822401455e-16
1.843900638232973442e-16
1.498250284587777911e-16
1.216580709053020910e-16
9.870812327108967939e-17
8.003404305471364221e-17
6.484542144211452038e-17
5.249754682103509836e-17
4.247260381751165546e-17
3.433473527233995352e-17
2.773759986079031024e-17
2.239168478558654636e-17
1.806172929114022243e-17
1.455936887331328760e-17
1.172681956619421410e-17
9.439061174647223781e-18
7.591866224346175893e-18
6.101701217545823457e-18
4.900450277750979045e-18
3.932816773876688260e-18
3.153944821502108570e-18
2.527476571326429291e-18
2.023964451344734321e-18
1.619575975056745883e-18
1.295037840484328676e-18
1.034775929018950219e-18
8.262147383013609140e-19
6.592077468913035103e-19
5.255747296623093259e-19
4.187255341070624636e-19
3.333551760930446962e-19
2.651965935169772770e-19
2.108198854888661877e-19
1.674704494408651407e-19
1.329376104403504558e-19
1.054485524579889377e-19
8.358273640197812979e-20
6.620272226390212348e-20
5.239845390192323614e-20
4.144238048454529108e-20
3.275325882776127902e-20
