1.736334603119824578e+03
1.833996261835898622e+03
1.745866381501652995e+03
1.507769059606131805e+03
1.186553858512814941e+03
9.585244504661696965e+02
6.946088936602761805e+02
5.653658091942008923e+02
5.553156811624064630e+02
4.231291811155806499e+02
3.295533371086096963e+02
2.711233211239407410e+02
2.826362423766078678e+02
2.188539506136037858e+02
1.962674271217582884e+02
1.701993319460604539e+02
1.599911250622662067e+02
1.423339242864498999e+02
1.138856349215563597e+02
1.272222913676029918e+02
1.192325244907290482e+02
1.098305397085415791e+02
9.007676110722862006e+01
8.683466435385078341e+01
9.086706599564271869e+01
8.552045845441023175e+01
8.062719885650720641e+01
7.507036117968182509e+01
6.448400783262975722e+01
6.590127996986278447e+01
6.303167339602600805e+01
5.544056303428590127e+01
4.756066193689193256e+01
4.898701759282864998e+01
4.711418217178017898e+01
4.188221944366441107e+01
4.037837283924987730e+01
4.763040358796018836e+01
3.999852764982769315e+01
3.667701995608233290e+01
3.678239814188909662e+01
3.282896333184582005e+01
2.912556144297484195e+01
3.554942842382136803e+01
2.746573752118300149e+01
2.461246616546942434e+01
2.161110514871515775e+01
1.785174649883516196e+01
1.602269008689864194e+01
0.000000000000000000e+00
